Entity,Code,Year,Oil (% equivalent primary energy),Coal (% equivalent primary energy),Solar (% equivalent primary energy),Nuclear (% equivalent primary energy),Hydro (% equivalent primary energy),Wind (% equivalent primary energy),Gas (% equivalent primary energy),Other renewables (% equivalent primary energy)
Africa,,1965,47.762646,45.160805,,0,5.7402806,0,1.3362632,
Africa,,1966,49.38456,43.075306,,0,6.1139693,0,1.4261588,
Africa,,1967,48.71048,43.57785,,0,6.31658,0,1.3950869,
Africa,,1968,48.759373,42.907135,,0,6.994845,0,1.3386455,
Africa,,1969,48.39778,42.136402,,0,7.9439163,0,1.521898,
Africa,,1970,48.713306,40.39671,,0,9.148895,0,1.7410845,
Africa,,1971,49.760956,40.183094,0,0,8.07007,0,1.9309573,0.054924365
Africa,,1972,50.679546,38.125126,0,0,8.695006,0,2.448062,0.05226563
Africa,,1973,50.371517,37.463234,0,0,8.491902,0,3.623626,0.049718358
Africa,,1974,49.718487,37.144203,0,0,9.203637,0,3.8849254,0.0487496
Africa,,1975,49.212475,37.142147,0,0,9.183559,0,4.416606,0.045209754
Africa,,1976,49.48227,36.47744,0,0,9.3716,0,4.6239133,0.044779036
Africa,,1977,49.95862,35.334785,0,0,9.759737,0,4.9034944,0.043356694
Africa,,1978,50.679153,33.06446,0,0,9.475388,0,6.73792,0.043075103
Africa,,1979,48.979958,32.217003,0,0,9.308776,0,9.453519,0.04075232
Africa,,1980,48.350178,32.12239,0,0,8.442392,0,11.045986,0.039050248
Africa,,1981,46.631916,33.482506,0,0,7.816104,0,12.032826,0.036647588
Africa,,1982,45.7851,34.649,0,0,7.3362,0,12.192476,0.037227724
Africa,,1983,46.29643,34.228878,0,0,6.4208775,0,13.0185795,0.035234798
Africa,,1984,45.712723,35.512074,0,0.5184267,6.1238065,0,12.098193,0.034770917
Africa,,1985,45.060448,35.212147,0,0.67463315,6.5409303,0,12.473422,0.03841221
Africa,,1986,43.153847,35.302944,0,1.0949439,6.6294746,0,13.7323065,0.08649286
Africa,,1987,44.104042,35.17586,0,0.7431199,6.16017,0,13.733011,0.08379228
Africa,,1988,42.919205,35.31642,0,1.1812614,6.2873797,0,14.221001,0.07473649
Africa,,1989,44.270073,33.101704,0,1.2475647,6.5919766,0,14.715197,0.073483676
Africa,,1990,43.551716,33.65595,0,0.91932684,6.492127,0,15.286681,0.094197944
Africa,,1991,43.82819,32.775505,0,0.9960631,6.884996,0,15.418591,0.09665877
Africa,,1992,44.019966,32.480824,0,0.99673474,6.470675,0,15.932358,0.09944702
Africa,,1993,44.349937,32.877766,0,0.77643275,6.321601,0.00022305273,15.5633745,0.110663705
Africa,,1994,44.294155,32.635788,0,1.0039558,6.214147,0.00058261654,15.756141,0.095240414
Africa,,1995,44.04174,32.34976,0,1.1245356,6.197879,0.00065329357,16.175156,0.11028151
Africa,,1996,43.881626,31.982052,0,1.142583,6.30146,0.00071795384,16.55793,0.13363528
Africa,,1997,44.325348,32.11533,0,1.2017409,6.322848,0.000712964,15.889089,0.14492624
Africa,,1998,44.68261,30.900877,0,1.2726885,6.499724,0.00074109924,16.466713,0.1766405
Africa,,1999,44.938538,30.909273,0,1.1654899,6.6877394,0.0018733632,16.127026,0.17006433
Africa,,2000,44.05792,30.156347,0.0011048758,1.1551505,6.963266,0.016238656,17.423676,0.22630067
Africa,,2001,42.988365,29.484594,0.001327791,0.912938,7.1776347,0.03688529,19.17357,0.22468534
Africa,,2002,43.45031,27.870134,0.0014625408,1.0017272,7.4021826,0.03861727,20.002443,0.21847999
Africa,,2003,42.70802,28.936056,0.0016551199,1.0026267,6.81335,0.04419306,20.243917,0.23477955
Africa,,2004,41.63453,29.653543,0.0018757496,0.97923416,6.659455,0.058660407,20.749334,0.24649157
Africa,,2005,43.35343,27.449724,0.0022226938,0.81971073,6.7200675,0.05903145,21.346096,0.24823476
Africa,,2006,42.945213,27.317652,0.0027956564,0.70945185,6.787778,0.062868714,21.866306,0.3060537
Africa,,2007,42.939808,26.753988,0.003563506,0.7666255,6.7203817,0.07173857,22.479408,0.24473183
Africa,,2008,42.560226,27.813,0.0048092054,0.8259992,6.4185834,0.086830966,22.036573,0.23960607
Africa,,2009,43.34437,27.243397,0.006199303,0.79502594,6.4412365,0.10281735,21.804838,0.25422385
Africa,,2010,43.813923,26.191887,0.013473431,0.8094874,6.715142,0.1424712,22.050655,0.25822118
Africa,,2011,42.71503,25.587337,0.037022687,0.7612942,6.8089514,0.146747,23.662897,0.26946393
Africa,,2012,43.654137,23.990675,0.058339152,0.73131156,6.5357842,0.14784506,24.600533,0.26836994
Africa,,2013,44.011074,23.59035,0.044853013,0.7691974,6.6774273,0.20420054,24.407774,0.28285128
Africa,,2014,43.27379,24.032085,0.10477917,0.72766733,6.8261805,0.27817047,24.419857,0.3259423
Africa,,2015,43.414345,22.189018,0.19254607,0.6262352,6.4169736,0.47520968,26.273066,0.39845103
Africa,,2016,42.601696,22.89449,0.27477697,0.7448549,6.0345974,0.5773521,26.465351,0.3943334
Africa,,2017,42.01906,22.2983,0.3481973,0.681836,6.2715507,0.68148303,27.277895,0.409695
Africa,,2018,41.51666,21.433876,0.40813997,0.54103804,6.5150356,0.71879274,28.422733,0.42554215
Africa,,2019,40.91633,22.13449,0.5278361,0.6028916,6.5602393,0.9141477,27.905497,0.42319438
Africa,,2020,38.438507,22.376127,0.76239014,0.47384515,7.3725195,0.9526749,29.180475,0.42690197
Africa,,2021,39.3458,20.664486,0.8348068,0.5527451,7.1031094,1.0620695,30.017015,0.40019652
Africa,,2022,41.401794,19.612795,0.84242,0.4490656,7.2615175,1.107095,28.880192,0.4251866
Africa (EI),,1965,47.762646,45.160805,,0,5.7402806,0,1.3362632,
Africa (EI),,1966,49.38456,43.075306,,0,6.113969,0,1.4261588,
Africa (EI),,1967,48.710476,43.577854,,0,6.31658,0,1.3950868,
Africa (EI),,1968,48.759373,42.907135,,0,6.994845,0,1.3386456,
Africa (EI),,1969,48.39778,42.136402,,0,7.9439154,0,1.521898,
Africa (EI),,1970,48.71331,40.39671,,0,9.148896,0,1.7410845,
Africa (EI),,1971,49.760956,40.183098,0,0,8.070072,0,1.9309574,0.05492437
Africa (EI),,1972,50.679546,38.125126,0,0,8.695007,0,2.448062,0.05226563
Africa (EI),,1973,50.371517,37.46323,0,0,8.491901,0,3.6236253,0.049718354
Africa (EI),,1974,49.718487,37.144203,0,0,9.203638,0,3.8849254,0.0487496
Africa (EI),,1975,49.212475,37.142147,0,0,9.183558,0,4.416605,0.045209747
Africa (EI),,1976,49.48226,36.47744,0,0,9.371599,0,4.623913,0.044779032
Africa (EI),,1977,49.958626,35.334793,0,0,9.75974,0,4.9034953,0.043356705
Africa (EI),,1978,50.679153,33.06446,0,0,9.475388,0,6.73792,0.043075103
Africa (EI),,1979,48.979958,32.217003,0,0,9.308776,0,9.453519,0.04075232
Africa (EI),,1980,48.350178,32.12239,0,0,8.442392,0,11.045986,0.039050248
Africa (EI),,1981,46.631916,33.482506,0,0,7.816104,0,12.032826,0.036647588
Africa (EI),,1982,45.785095,34.649,0,0,7.3362,0,12.192476,0.037227724
Africa (EI),,1983,46.29643,34.228878,0,0,6.4208775,0,13.0185795,0.035234798
Africa (EI),,1984,45.712727,35.51207,0,0.5184267,6.1238065,0,12.098193,0.034770917
Africa (EI),,1985,45.060448,35.21215,0,0.67463315,6.5409303,0,12.473422,0.03841221
Africa (EI),,1986,43.153847,35.302944,0,1.0949439,6.6294746,0,13.7323065,0.08649286
Africa (EI),,1987,44.104042,35.17586,0,0.7431199,6.16017,0,13.733011,0.08379228
Africa (EI),,1988,42.9192,35.31642,0,1.1812614,6.2873797,0,14.221003,0.07473649
Africa (EI),,1989,44.270073,33.101704,0,1.2475647,6.591977,0,14.715197,0.073483676
Africa (EI),,1990,43.551716,33.655945,0,0.9193268,6.492127,0,15.286681,0.094197944
Africa (EI),,1991,43.82819,32.775505,0,0.9960631,6.884996,0,15.418591,0.09665877
Africa (EI),,1992,44.019966,32.48082,0,0.99673474,6.470675,0,15.932358,0.09944702
Africa (EI),,1993,44.349937,32.877766,0,0.77643275,6.321601,0.00022305273,15.563376,0.110663705
Africa (EI),,1994,44.294155,32.635788,0,1.0039558,6.214147,0.00058261654,15.756139,0.095240414
Africa (EI),,1995,44.04174,32.34976,0,1.1245356,6.1978784,0.00065329357,16.175154,0.110281505
Africa (EI),,1996,43.881626,31.982052,0,1.142583,6.30146,0.00071795384,16.55793,0.13363528
Africa (EI),,1997,44.325348,32.11533,0,1.2017409,6.322849,0.000712964,15.889089,0.14492622
Africa (EI),,1998,44.68261,30.90088,0,1.2726886,6.499725,0.00074109924,16.466715,0.17664053
Africa (EI),,1999,44.938538,30.909273,0,1.1654899,6.687739,0.0018733606,16.127026,0.17006433
Africa (EI),,2000,44.05792,30.15635,0.0011048772,1.1551505,6.963266,0.016238656,17.423676,0.22630067
Africa (EI),,2001,42.988365,29.484594,0.0013277967,0.912938,7.1776347,0.036885295,19.17357,0.22468533
Africa (EI),,2002,43.450314,27.870134,0.0014625385,1.0017272,7.402183,0.038617272,20.002443,0.21848
Africa (EI),,2003,42.70802,28.936056,0.0016551218,1.0026267,6.813351,0.044193055,20.243921,0.23477955
Africa (EI),,2004,41.63453,29.653545,0.0018757548,0.97923416,6.6594543,0.058660407,20.749336,0.24649157
Africa (EI),,2005,43.353428,27.44972,0.0022226893,0.8197106,6.720067,0.05903145,21.346096,0.24823475
Africa (EI),,2006,42.945213,27.317656,0.0027956553,0.70945185,6.787778,0.06286872,21.866306,0.3060537
Africa (EI),,2007,42.939808,26.753988,0.0035635026,0.7666255,6.7203817,0.07173857,22.479406,0.24473183
Africa (EI),,2008,42.560226,27.813,0.0048092045,0.8259992,6.4185834,0.08683097,22.036573,0.23960608
Africa (EI),,2009,43.344376,27.243397,0.006199298,0.79502594,6.4412365,0.10281735,21.804838,0.25422385
Africa (EI),,2010,43.81392,26.19189,0.013473423,0.8094874,6.715142,0.14247118,22.050655,0.25822115
Africa (EI),,2011,42.715034,25.587337,0.037022687,0.7612942,6.8089514,0.14674698,23.662897,0.26946393
Africa (EI),,2012,43.65414,23.990675,0.058339152,0.73131156,6.5357842,0.14784504,24.600533,0.26836994
Africa (EI),,2013,44.011074,23.59035,0.044853013,0.7691974,6.6774273,0.20420054,24.407774,0.28285125
Africa (EI),,2014,43.27379,24.03209,0.104779154,0.72766733,6.8261805,0.27817047,24.419857,0.3259423
Africa (EI),,2015,43.414345,22.189022,0.19254607,0.6262352,6.416974,0.47520968,26.273066,0.39845103
Africa (EI),,2016,42.601696,22.89449,0.27477697,0.7448549,6.0345974,0.5773521,26.465351,0.3943334
Africa (EI),,2017,42.01906,22.2983,0.34819734,0.681836,6.2715507,0.68148303,27.277893,0.40969503
Africa (EI),,2018,41.516666,21.433878,0.40814,0.54103804,6.5150356,0.71879274,28.422733,0.4255422
Africa (EI),,2019,40.91633,22.13449,0.5278361,0.6028916,6.5602384,0.9141477,27.9055,0.42319438
Africa (EI),,2020,38.43851,22.376127,0.76239014,0.47384515,7.3725195,0.9526748,29.180473,0.42690197
Africa (EI),,2021,39.345795,20.664486,0.8348068,0.5527451,7.1031084,1.0620695,30.017012,0.40019652
Africa (EI),,2022,41.40179,19.612797,0.8424202,0.4490656,7.2615185,1.1070951,28.880194,0.42518666
Algeria,DZA,1965,62.03628,3.2783456,,0,4.7630677,,29.922304,
Algeria,DZA,1966,67.95504,2.650932,,0,3.518747,,25.875282,
Algeria,DZA,1967,67.057594,2.14094,,0,4.291954,,26.509514,
Algeria,DZA,1968,66.460075,2.1079264,,0,5.4861946,,25.9458,
Algeria,DZA,1969,63.525475,2.4273093,,0,3.1827633,,30.86445,
Algeria,DZA,1970,66.23615,2.6260033,,0,4.6656837,,26.47216,
Algeria,DZA,1971,69.06137,0.67322135,,0,2.4559188,,27.809486,
Algeria,DZA,1972,67.464424,0.5209657,,0,3.278343,,28.736267,
Algeria,DZA,1973,61.783897,0.50232226,,0,4.175826,,33.537952,
Algeria,DZA,1974,62.034462,0.3751044,,0,2.494738,,35.095695,
Algeria,DZA,1975,57.738884,0.3966481,,0,1.3782818,,40.486183,
Algeria,DZA,1976,56.901985,0.66576844,,0,1.4010222,,41.031223,
Algeria,DZA,1977,58.5356,0.7863978,,0,0.8817282,,39.79627,
Algeria,DZA,1978,48.17152,0.31803575,,0,0.6521151,,50.85833,
Algeria,DZA,1979,43.973698,0.5637261,,0,0.5792936,,54.88328,
Algeria,DZA,1980,37.372322,0.42018044,,0,0.4290016,,61.778492,
Algeria,DZA,1981,33.14482,0.24320799,,0,0.50294036,,66.10903,
Algeria,DZA,1982,30.459383,3.9139762,,0,0.5708701,,65.05577,
Algeria,DZA,1983,31.329472,3.1975706,,0,0.25644946,,65.216515,
Algeria,DZA,1984,36.12736,3.691976,,0,0.5136736,,59.667004,
Algeria,DZA,1985,36.81093,3.8220327,,0,0.72826535,,58.638775,
Algeria,DZA,1986,35.324177,3.7091532,,0,0.2664045,,60.70026,
Algeria,DZA,1987,34.751614,4.3148375,,0,0.5174274,,60.416126,
Algeria,DZA,1988,32.4707,3.7888088,,0,0.17717436,,63.563324,
Algeria,DZA,1989,34.987465,3.292452,,0,0.2249582,,61.495125,
Algeria,DZA,1990,35.49871,2.4332728,0,0,0.1267387,0,61.941273,0
Algeria,DZA,1991,35.446823,2.5339715,0,0,0.277607,0,61.741604,0
Algeria,DZA,1992,34.754314,2.9344945,0,0,0.18375748,0,62.127434,0
Algeria,DZA,1993,37.166695,2.5680096,0,0,0.35028014,0,59.915016,0
Algeria,DZA,1994,35.125362,2.3882396,0,0,0.16257899,0,62.323814,0
Algeria,DZA,1995,32.93756,2.3026404,0,0,0.18224756,0,64.577545,0
Algeria,DZA,1996,31.756767,1.0957371,0,0,0.1288034,0,67.01869,0
Algeria,DZA,1997,32.781673,1.9991152,0,0,0.074455895,0,65.14475,0
Algeria,DZA,1998,32.64443,2.066892,0,0,0.20617963,0,65.08251,0
Algeria,DZA,1999,31.755775,2.1920552,0,0,0.1927434,0,65.85942,0
Algeria,DZA,2000,34.383728,1.8805242,0,0,0.053235486,0,63.68252,0
Algeria,DZA,2001,34.35357,2.0954082,0,0,0.065218486,0,63.485813,0
Algeria,DZA,2002,36.774975,2.6550817,0,0,0.05167676,0,60.518265,0
Algeria,DZA,2003,36.558636,2.0918128,0,0,0.228104,0,61.121452,0
Algeria,DZA,2004,36.808174,2.4039516,0,0,0.2067869,0,60.58108,0
Algeria,DZA,2005,36.64314,1.8860927,0,0,0.43411884,0,61.03665,0
Algeria,DZA,2006,36.877193,2.7049358,0,0,0.16327195,0,60.254593,0
Algeria,DZA,2007,39.13274,2.2029614,0,0,0.15990457,0,58.50439,0
Algeria,DZA,2008,40.116425,2.078566,0,0,0.1877543,0,57.617252,0
Algeria,DZA,2009,40.1316,1.259232,0,0,0.21278548,0,58.396385,0
Algeria,DZA,2010,41.369938,0.8212624,0.005753547,0,0.10938061,0,57.693665,0
Algeria,DZA,2011,41.384827,0.6885534,0.010760947,0,0.22449896,0,57.691364,0
Algeria,DZA,2012,40.26129,0.66892815,0.014433097,0,0.21009883,0,58.845245,0
Algeria,DZA,2013,39.773857,0.342201,0.014515888,0,0.050247304,0,59.81918,0
Algeria,DZA,2014,37.89619,0.35548544,0.027756512,0,0.08928346,0.00046260856,61.630814,0
Algeria,DZA,2015,38.241547,0.25048494,0.025293589,0,0.06323395,0.008285812,61.411156,0
Algeria,DZA,2016,37.20671,0.09236205,0.106301226,0,0.031239543,0.008266354,62.55513,0
Algeria,DZA,2017,36.151657,0.33931997,0.2150211,0,0.02389123,0.008105944,63.262005,0
Algeria,DZA,2018,34.0172,0.86840326,0.23825064,0,0.04622772,0.003951089,64.825966,0
Algeria,DZA,2019,34.125683,0.6917546,0.23347387,0,0.057704102,0.0037963223,64.88759,0
Algeria,DZA,2020,32.659237,0.23478699,0.27724013,0,0.020074604,0.0031164202,66.805534,0
Algeria,DZA,2021,31.456253,0.4416653,0.24712712,0,0.0034612673,0.003907885,67.84758,0
Algeria,DZA,2022,34.84134,0.21857864,0.2595335,0,0.029228311,0.0039970987,64.64733,0
Argentina,ARG,1965,83.77254,2.5736191,,0,1.1026944,,12.551153,0
Argentina,ARG,1966,83.69618,2.0555239,,0,1.0818663,,13.166428,0
Argentina,ARG,1967,83.297455,2.2463248,,0,1.0765308,,13.379695,0
Argentina,ARG,1968,82.25073,2.1114457,,0,1.2272897,,14.410524,0
Argentina,ARG,1969,82.59657,2.4462075,,0,1.0651326,,13.892086,0
Argentina,ARG,1970,78.76835,3.3162787,,0,1.3025699,,16.562017,0.050789926
Argentina,ARG,1971,79.12147,2.7425675,,0,1.2200255,,16.865692,0.050250772
Argentina,ARG,1972,77.793594,2.279969,,0,1.1709931,,18.691479,0.06396003
Argentina,ARG,1973,74.96351,2.3953428,,0,2.2356398,,20.35722,0.048286915
Argentina,ARG,1974,72.06886,2.8684344,,0.71303004,3.5823324,,20.720102,0.047233846
Argentina,ARG,1975,69.75861,2.8593552,,1.7741024,3.815696,,21.741497,0.050741404
Argentina,ARG,1976,68.66,2.7542467,,1.7264837,3.5080485,,23.305182,0.046037037
Argentina,ARG,1977,69.238174,2.4936671,,1.0521969,3.8627214,,23.306952,0.04628088
Argentina,ARG,1978,67.24522,3.0351448,,1.8586161,5.181015,,22.633821,0.04618903
Argentina,ARG,1979,67.37714,2.6338391,,1.60929,6.6389933,,21.676857,0.06387943
Argentina,ARG,1980,62.925,2.3610456,,1.4066768,9.485084,,23.75523,0.06696431
Argentina,ARG,1981,60.818336,2.3059626,,1.744777,9.481711,,25.588556,0.060655303
Argentina,ARG,1982,56.808376,2.2863417,,1.1374078,11.1508045,,28.538395,0.07867279
Argentina,ARG,1983,55.23507,1.9927313,,1.9889795,11.211902,,29.469479,0.10184252
Argentina,ARG,1984,52.41748,1.4743637,,2.7021787,12.061015,,31.269646,0.07531982
Argentina,ARG,1985,49.314266,2.200828,,3.3971066,12.680371,,32.32789,0.079541095
Argentina,ARG,1986,49.07708,2.3795862,,3.1844246,12.220099,,33.061028,0.077778384
Argentina,ARG,1987,50.12433,2.5270278,,3.4492764,12.183254,,31.652494,0.06361533
Argentina,ARG,1988,49.62857,2.5469549,,3.042493,8.344362,,36.365032,0.07258924
Argentina,ARG,1989,47.243614,2.8579981,,2.7420633,7.478313,,39.613125,0.064893
Argentina,ARG,1990,44.827156,2.3909574,0,4.0271096,10.20964,0,38.46236,0.08277091
Argentina,ARG,1991,46.08896,2.0704079,0,4.221327,9.000762,0,38.538334,0.08021618
Argentina,ARG,1992,45.18186,2.1755695,0,3.5923667,10.132311,0,38.843708,0.07418822
Argentina,ARG,1993,42.880203,1.396572,0,3.805663,12.162937,0,39.701603,0.05303103
Argentina,ARG,1994,42.955345,1.1605712,0,3.8384404,13.254198,0,38.739536,0.051915634
Argentina,ARG,1995,41.31305,1.1801531,0,3.1914546,12.474777,0,41.78009,0.060474664
Argentina,ARG,1996,39.53937,1.1819327,0,3.220835,10.111954,0.004327963,45.83324,0.10833916
Argentina,ARG,1997,41.413708,0.9218002,0,3.3981621,12.421557,0.0064908606,41.75244,0.08584117
Argentina,ARG,1998,41.149788,1.1965587,0.0000073020133,3.0719392,11.372011,0.013977314,43.099785,0.09593572
Argentina,ARG,1999,41.24707,1.4201912,0.0000110451665,2.8967624,9.089665,0.014775456,45.211365,0.120154895
Argentina,ARG,2000,37.91452,1.0751137,0.000015233995,2.5082862,12.092079,0.014708434,46.21892,0.17634824
Argentina,ARG,2001,35.947224,0.9020709,0.0000185085,2.9156404,15.745199,0.021246457,44.298832,0.16977635
Argentina,ARG,2002,35.581074,0.70076126,0.000020961166,2.4911704,15.95672,0.0327373,44.97902,0.25849864
Argentina,ARG,2003,33.85608,0.79740846,0.000026871925,3.0015123,13.9736395,0.032227308,47.93839,0.40071672
Argentina,ARG,2004,34.194485,1.2781414,0.000027082553,2.9214582,11.785714,0.02802891,49.420338,0.37180611
Argentina,ARG,2005,33.733334,1.3866594,0.000029340192,2.3889818,12.393932,0.025978642,49.700993,0.37009832
Argentina,ARG,2006,33.872433,1.1948599,0.00003083362,2.5383062,13.023855,0.023858363,48.944508,0.40215057
Argentina,ARG,2007,36.11279,1.6589195,0.000035572044,2.2737732,10.198026,0.020119285,49.341446,0.39489335
Argentina,ARG,2008,36.04692,1.9968656,0.000046034613,2.272979,9.994887,0.013439119,49.235985,0.4388772
Argentina,ARG,2009,35.42804,1.1285414,0.00002492412,2.5723329,11.340457,0.012065503,49.073345,0.44519386
Argentina,ARG,2010,37.041534,1.5240439,0.000026968635,2.1724014,10.474692,0.007960149,47.611855,0.49739563
Argentina,ARG,2011,37.390297,1.6080508,0.0004897719,1.8636241,9.463735,0.008068957,48.223763,0.48791826
Argentina,ARG,2012,38.201653,1.448457,0.0023746525,1.7849432,8.473704,0.10746326,48.388145,0.4915303
Argentina,ARG,2013,38.983143,1.5222468,0.004186176,1.6540858,9.1008625,0.12590012,46.900116,0.49665916
Argentina,ARG,2014,38.77253,1.6218394,0.00440818,1.4629076,8.962526,0.17127606,47.103756,0.4830787
Argentina,ARG,2015,38.900036,1.5862668,0.0039662197,1.8245771,8.735121,0.16027391,46.79576,0.4762566
Argentina,ARG,2016,37.877453,1.2281685,0.003850112,2.1445594,8.025734,0.1476486,48.578026,0.378597
Argentina,ARG,2017,37.470093,1.2633977,0.00440694,1.5682224,8.481119,0.16416803,48.719154,0.470653
Argentina,ARG,2018,36.026535,1.3927169,0.02906322,1.7724298,8.675871,0.3797175,49.47667,0.4596015
Argentina,ARG,2019,34.704216,0.87603277,0.22731037,2.3026452,7.8180246,1.4200798,50.20596,0.50795686
Argentina,ARG,2020,33.132393,1.1514132,0.40590432,2.9005115,7.1466336,2.8413703,50.50562,0.8072092
Argentina,ARG,2021,37.08296,1.4551944,0.59684277,2.6443691,5.3240123,3.505683,47.56696,0.7449911
Argentina,ARG,2022,38.241104,1.4384855,0.76515365,1.8668351,6.2222605,3.6892743,45.63856,0.7465486
Asia,,1965,41.703213,48.641663,0,0.0013246902,7.891082,0,1.7567496,0.0059611155
Asia,,1966,43.13021,47.383717,0,0.028513491,7.583474,0,1.8673908,0.0067011584
Asia,,1967,47.303593,43.819633,0,0.029322447,6.7648554,0,2.0735304,0.009072944
Asia,,1968,49.490612,41.225548,0,0.04509511,6.967211,0,2.2628398,0.008698299
Asia,,1969,50.16411,40.938946,0,0.068660915,6.3633933,0,2.457282,0.0076098586
Asia,,1970,50.781685,40.67593,0,0.1975372,5.7494335,0,2.581018,0.014405005
Asia,,1971,51.48235,39.81848,0,0.27593952,5.728971,0,2.68149,0.012767788
Asia,,1972,52.364178,38.93761,0,0.30498293,5.575405,0,2.805017,0.012808541
Asia,,1973,54.937977,36.781,0,0.31954685,4.7841735,0,3.1646767,0.012622776
Asia,,1974,53.608356,36.819286,0,0.57139784,5.325627,0,3.6613095,0.014018324
Asia,,1975,51.317047,38.385212,0,0.6976598,5.5349035,0,4.049505,0.015665954
Asia,,1976,52.32653,37.13492,0,0.8812963,5.3819156,0,4.2623596,0.012980412
Asia,,1977,52.268826,37.159046,0,0.75416523,4.955749,0,4.844921,0.017297782
Asia,,1978,51.94738,36.41458,0,1.3826976,4.876427,0,5.35852,0.020402718
Asia,,1979,50.997032,36.178516,0,1.613693,4.9912844,0,6.1822166,0.03726211
Asia,,1980,48.054077,38.220726,0,1.8943893,5.3363366,0,6.430104,0.06437514
Asia,,1981,46.88887,38.89339,0,2.0056758,5.6064115,0,6.5050917,0.10056115
Asia,,1982,45.650093,39.54968,0,2.2939005,5.4306593,0,6.7945704,0.28109676
Asia,,1983,44.888428,39.878128,0,2.6023707,5.386808,0,6.9353156,0.30895305
Asia,,1984,43.63661,40.24743,0,2.8997295,5.0020227,0,7.9002366,0.31396922
Asia,,1985,40.92972,39.898975,0,3.0483284,5.066181,0,10.771029,0.2857629
Asia,,1986,40.19628,39.87333,0,3.1121814,4.8996196,0,11.63041,0.28817672
Asia,,1987,39.328926,40.380116,0,3.4857779,4.802818,0,11.724892,0.27746788
Asia,,1988,39.44594,40.272655,0,3.0748186,5.1587,0,11.767907,0.27998295
Asia,,1989,39.425026,40.00156,0,3.063717,5.037128,0,12.183866,0.28870708
Asia,,1990,40.126385,39.181973,0.000046022997,3.1702547,5.1099334,0.00038340868,12.188162,0.22285613
Asia,,1991,39.955044,39.17881,0.000044285927,3.2580733,4.9712563,0.0013618005,12.416647,0.21876477
Asia,,1992,40.449364,38.688316,0.00016429293,3.2022283,4.7939157,0.0023402027,12.651338,0.21234024
Asia,,1993,40.360855,38.83095,0.00028986207,3.4049168,5.112516,0.00315137,12.085511,0.20180729
Asia,,1994,40.374096,38.691334,0.00034821063,3.4568639,4.824955,0.0055914638,12.420231,0.22658345
Asia,,1995,40.82731,37.622513,0.0004586593,3.6499593,4.98866,0.010325521,12.637988,0.26278687
Asia,,1996,40.786316,37.553566,0.0006439423,3.6933112,4.7471957,0.008669357,12.955456,0.25484204
Asia,,1997,41.517628,36.543713,0.0010034543,3.8177025,4.594721,0.010312231,13.235016,0.27991247
Asia,,1998,40.635002,36.426838,0.001440586,3.9663224,4.8629136,0.012552963,13.798173,0.2967569
Asia,,1999,40.593273,36.152763,0.0020487243,3.906342,4.588144,0.01692705,14.425735,0.31476936
Asia,,2000,40.42778,36.161366,0.0030635945,3.866191,4.5476837,0.019121021,14.642435,0.3323609
Asia,,2001,39.488663,36.60565,0.0042734346,3.7621253,4.7150784,0.024671579,15.071483,0.32805377
Asia,,2002,38.586624,37.571003,0.0056244284,3.6519446,4.622914,0.02532132,15.186529,0.32238954
Asia,,2003,37.232693,39.885895,0.0070829745,2.9940588,4.426757,0.030892013,15.07841,0.31263903
Asia,,2004,36.041733,40.94202,0.00847808,3.114233,4.726938,0.049674477,14.782492,0.30127397
Asia,,2005,33.9737,43.281563,0.009960419,3.0041425,4.5254865,0.057733,14.7939205,0.3157537
Asia,,2006,32.997913,44.123142,0.01160922,2.8974056,4.6800966,0.084979124,14.836998,0.32139686
Asia,,2007,32.008026,45.19338,0.013043196,2.603354,4.601787,0.10573019,15.085641,0.3379917
Asia,,2008,31.350813,44.974915,0.015219211,2.431732,5.023887,0.1555752,15.6139345,0.3685975
Asia,,2009,30.875046,45.444572,0.01913426,2.475533,4.749221,0.23517382,15.720611,0.4069231
Asia,,2010,30.702475,44.669186,0.025362868,2.4323711,5.103238,0.33757022,16.22134,0.42772064
Asia,,2011,30.020279,45.61771,0.042338863,1.9077691,4.883746,0.45064133,16.556269,0.43634617
Asia,,2012,30.29098,45.087166,0.061205123,1.307123,5.307413,0.5661277,16.821606,0.45959744
Asia,,2013,30.059519,44.829693,0.11126648,1.2811223,5.553283,0.70421606,16.828957,0.50177526
Asia,,2014,29.730925,44.297054,0.2184528,1.3350663,5.8640776,0.77710813,17.071037,0.5643514
Asia,,2015,30.2984,42.985863,0.328428,1.4677062,5.9576855,0.86498696,17.330105,0.6489062
Asia,,2016,30.832094,41.668518,0.48427755,1.602,6.038193,1.0938709,17.482157,0.6490422
Asia,,2017,30.629063,41.20016,0.73342025,1.6262618,5.957622,1.31678,17.66289,0.73529285
Asia,,2018,30.004416,40.95415,1.0040014,1.7435553,5.8451204,1.5042006,17.914005,0.8606999
Asia,,2019,29.42397,40.757202,1.2250878,1.9671602,6.0502825,1.6079022,17.823793,0.94522905
Asia,,2020,27.910576,40.98824,1.4728669,2.0027022,6.2189107,1.812922,18.316381,1.0634265
Asia,,2021,27.404934,40.826252,1.7624543,2.0766523,5.7713785,2.3295288,18.433716,1.1663827
Asia,,2022,27.371485,40.777576,2.151912,2.124508,5.762788,2.6175272,17.68742,1.2639141
Asia Pacific (EI),,1965,36.9083,53.1099,0,0.0013548587,8.815359,0,1.0739887,0.09110083
Asia Pacific (EI),,1966,38.761326,51.582676,0,0.029158363,8.445241,0,1.0977968,0.08380533
Asia Pacific (EI),,1967,43.13636,47.967754,0,0.029994303,7.596487,0,1.199766,0.06963304
Asia Pacific (EI),,1968,45.737843,45.17273,0,0.04619623,7.7583685,0,1.2135231,0.071340874
Asia Pacific (EI),,1969,46.766193,44.620605,0,0.07038349,7.0702477,0,1.4085625,0.06400822
Asia Pacific (EI),,1970,47.722263,43.843506,0,0.20176814,6.452001,0,1.7184734,0.061989505
Asia Pacific (EI),,1971,48.44694,42.83493,0,0.2824156,6.500092,0,1.8797228,0.05589862
Asia Pacific (EI),,1972,49.28531,41.99133,0,0.31309304,6.3094893,0,2.0470386,0.053739723
Asia Pacific (EI),,1973,51.90029,39.843147,0,0.32926476,5.528943,0,2.3470135,0.05133629
Asia Pacific (EI),,1974,50.44188,39.92967,0,0.58936316,6.075548,0,2.8846025,0.078939155
Asia Pacific (EI),,1975,48.34506,41.427128,0,0.7190631,6.2478614,0,3.1803901,0.08048518
Asia Pacific (EI),,1976,49.069374,40.447968,0,0.9163702,5.9794245,0,3.5117407,0.07512622
Asia Pacific (EI),,1977,48.770405,40.77594,0,0.7908291,5.5018573,0,4.089284,0.07168114
Asia Pacific (EI),,1978,48.47395,40.035408,0,1.4525934,5.3766966,0,4.587903,0.07344911
Asia Pacific (EI),,1979,47.490227,40.12675,0,1.7118819,5.572206,0,5.012128,0.086809576
Asia Pacific (EI),,1980,44.45076,42.177017,0,2.002804,5.896176,0,5.356786,0.116463296
Asia Pacific (EI),,1981,42.86566,43.25163,0,2.1365519,6.2016125,0,5.3889236,0.15562871
Asia Pacific (EI),,1982,41.29201,44.33447,0,2.4741433,5.9909344,0,5.5515184,0.35692683
Asia Pacific (EI),,1983,39.85579,44.969444,0,2.8355248,6.07883,0,5.8737917,0.386621
Asia Pacific (EI),,1984,38.696186,45.630783,0,3.184771,5.6777215,0,6.416403,0.39413714
Asia Pacific (EI),,1985,36.569897,46.95363,0,3.643587,5.788181,0,6.6491895,0.39552245
Asia Pacific (EI),,1986,36.336006,46.82721,0,3.7694883,5.699636,0,6.9701195,0.39753982
Asia Pacific (EI),,1987,35.505836,47.52433,0,4.207731,5.375057,0,7.0049033,0.38213855
Asia Pacific (EI),,1988,35.95499,47.46245,0,3.6900592,5.544492,0,6.9623275,0.3856762
Asia Pacific (EI),,1989,36.1976,47.042404,0,3.7044737,5.640223,0,7.0152364,0.40006155
Asia Pacific (EI),,1990,36.878433,46.20311,0.000055891665,3.8500588,5.578994,0.0004516503,7.166865,0.3220219
Asia Pacific (EI),,1991,36.75226,46.000324,0.00012626559,3.925036,5.485183,0.0016301033,7.521265,0.3141838
Asia Pacific (EI),,1992,37.513287,45.511948,0.00035269384,3.8549025,5.1309953,0.00281739,7.6830587,0.3026399
Asia Pacific (EI),,1993,37.17798,45.48994,0.0005228986,4.056434,5.3416634,0.0037832754,7.643114,0.2865695
Asia Pacific (EI),,1994,37.264748,45.310123,0.00061462,4.1092715,5.102243,0.0067169415,7.894361,0.31191945
Asia Pacific (EI),,1995,38.112675,44.07277,0.0007729208,4.3057284,5.288085,0.012268723,7.858292,0.34941068
Asia Pacific (EI),,1996,38.260303,43.928673,0.0010253245,4.322863,4.9449415,0.010353514,8.193447,0.33839932
Asia Pacific (EI),,1997,38.93148,42.809406,0.0014896316,4.4673004,4.8219957,0.012300331,8.589646,0.3663831
Asia Pacific (EI),,1998,38.127335,42.857597,0.0020600278,4.6604095,5.143746,0.01512188,8.802255,0.39148372
Asia Pacific (EI),,1999,38.34212,42.59035,0.002802601,4.566367,4.8974676,0.020101674,9.167118,0.41366807
Asia Pacific (EI),,2000,38.017223,42.570675,0.0040396587,4.5236278,4.9178586,0.024171486,9.5105295,0.43187892
Asia Pacific (EI),,2001,37.08387,43.10264,0.005518417,4.408549,5.173285,0.03189786,9.77156,0.42268088
Asia Pacific (EI),,2002,36.247807,44.262196,0.0071250447,4.2821803,4.9748154,0.03494962,9.740835,0.41788632
Asia Pacific (EI),,2003,34.85328,46.716656,0.008804074,3.4958248,4.6863766,0.04211183,9.754966,0.40528518
Asia Pacific (EI),,2004,33.631916,47.830746,0.010440962,3.6290565,4.98688,0.065526396,9.40954,0.39738995
Asia Pacific (EI),,2005,31.345272,50.448895,0.012183384,3.4907515,4.787423,0.079044044,9.371336,0.4209118
Asia Pacific (EI),,2006,30.251837,51.29119,0.014145859,3.3647637,4.9498463,0.11465372,9.532328,0.42608887
Asia Pacific (EI),,2007,29.39555,52.329796,0.015878864,3.0201993,4.9234176,0.14214402,9.667406,0.4445806
Asia Pacific (EI),,2008,28.52032,52.29807,0.018589452,2.8329456,5.569419,0.20139146,10.000856,0.47988927
Asia Pacific (EI),,2009,28.08777,52.82493,0.023792157,2.882865,5.2554426,0.2977523,10.018977,0.5189912
Asia Pacific (EI),,2010,28.15626,51.83897,0.034178767,2.837157,5.566992,0.4132764,10.51162,0.5425072
Asia Pacific (EI),,2011,27.479961,52.880276,0.058366474,2.2245572,5.3634224,0.5448549,10.79133,0.55281186
Asia Pacific (EI),,2012,27.801493,52.230137,0.081086405,1.5197858,5.8282557,0.6822742,11.155642,0.5817008
Asia Pacific (EI),,2013,27.438137,51.94378,0.14473195,1.475608,6.1217318,0.8422629,11.2551985,0.6281707
Asia Pacific (EI),,2014,27.135855,51.357513,0.27272934,1.5435017,6.598234,0.9280677,11.294435,0.70059353
Asia Pacific (EI),,2015,27.886251,50.152473,0.40453118,1.7039726,6.6284537,1.0282393,11.25691,0.7985113
Asia Pacific (EI),,2016,28.526566,48.6633,0.5872723,1.8600382,6.749992,1.2898542,11.355584,0.78940904
Asia Pacific (EI),,2017,28.447746,47.98266,0.87514454,1.8854167,6.663006,1.5411502,11.559204,0.8816098
Asia Pacific (EI),,2018,27.956614,47.3957,1.1747997,2.0172806,6.558845,1.7547618,11.926878,1.0159954
Asia Pacific (EI),,2019,27.549467,47.01043,1.4303938,2.274641,6.563213,1.8746505,11.963199,1.1013353
Asia Pacific (EI),,2020,26.164099,47.221535,1.712454,2.3052602,6.839022,2.1070976,12.171891,1.2289411
Asia Pacific (EI),,2021,25.517866,47.005962,2.0480478,2.3747501,6.4515343,2.7003264,12.29612,1.3386027
Asia Pacific (EI),,2022,25.077797,47.010498,2.512739,2.3939586,6.462793,3.0460763,11.7634735,1.4490386
Australia,AUS,1965,46.979366,47.45109,,0,5.340691,,0.0069229137,0.22193079
Australia,AUS,1966,47.981804,46.937496,,0,4.86867,,0.008809655,0.20322418
Australia,AUS,1967,49.543694,45.49845,,0,4.753871,,0.008307035,0.19567804
Australia,AUS,1968,50.88463,44.189198,,0,4.6860347,,0.060709346,0.1794325
Australia,AUS,1969,50.236206,43.88694,,0,4.915288,,0.7898692,0.17170003
Australia,AUS,1970,50.9024,40.640907,,0,5.2753077,,3.0352442,0.1461433
Australia,AUS,1971,51.025497,38.83876,,0,5.6825237,,4.313018,0.14020358
Australia,AUS,1972,49.678303,38.80091,,0,5.4565244,,5.921508,0.14276065
Australia,AUS,1973,49.583927,37.795456,,0,5.42747,,7.0319543,0.1611945
Australia,AUS,1974,49.40787,37.09356,,0,5.762744,,7.543463,0.19236599
Australia,AUS,1975,48.087364,37.649067,,0,6.0813727,,7.9665637,0.21563582
Australia,AUS,1976,47.50061,37.617954,,0,5.587167,,9.088011,0.20625433
Australia,AUS,1977,47.406578,37.429054,,0,5.095537,,9.894601,0.17423797
Australia,AUS,1978,46.95968,37.21072,,0,5.349327,,10.32091,0.15937002
Australia,AUS,1979,45.871716,37.50682,,0,5.007234,,11.455624,0.15860634
Australia,AUS,1980,43.561615,38.467876,,0,4.7166986,,13.108235,0.14557335
Australia,AUS,1981,42.250046,38.836704,,0,4.7800093,,13.982892,0.15034504
Australia,AUS,1982,41.986233,39.613228,,0,4.442979,,13.763756,0.19380395
Australia,AUS,1983,38.98991,40.996403,,0,4.3668876,,15.479199,0.1675934
Australia,AUS,1984,38.828148,41.75204,,0,4.5533056,,14.70135,0.16514888
Australia,AUS,1985,37.922997,41.949806,,0,4.697283,,15.264039,0.16587228
Australia,AUS,1986,36.66836,42.181694,,0,4.6344733,,16.351376,0.164086
Australia,AUS,1987,36.54761,42.701794,,0,4.3700223,,16.21771,0.16287076
Australia,AUS,1988,36.53255,42.946037,,0,4.3994775,,15.879732,0.24220248
Australia,AUS,1989,36.21402,42.87771,,0,4.164472,,16.488323,0.2554814
Australia,AUS,1990,36.288773,43.012745,0,0,4.224702,0,16.239092,0.23468924
Australia,AUS,1991,35.36709,44.207676,0.0015717831,0,4.5144806,0,15.685175,0.22401032
Australia,AUS,1992,35.554703,43.750095,0.0034331074,0,4.5230637,0,15.963486,0.20521984
Australia,AUS,1993,35.904495,43.12548,0.004057215,0,4.5538177,0.00055578357,16.210598,0.20099808
Australia,AUS,1994,35.784832,42.358955,0.004654296,0,4.3199315,0.0014711843,17.329031,0.20112514
Australia,AUS,1995,37.059505,41.94465,0.0054180315,0,4.0042224,0.0017932024,16.756117,0.22829133
Australia,AUS,1996,36.9499,42.415848,0.0063712257,0,3.9741788,0.0017421324,16.39766,0.2542991
Australia,AUS,1997,36.643578,43.49491,0.007445376,0,3.8751204,0.0018218709,15.715676,0.26145232
Australia,AUS,1998,35.78266,44.376938,0.008446306,0,3.7481647,0.0042706034,15.802648,0.27687463
Australia,AUS,1999,35.16051,45.280323,0.009253797,0,3.710974,0.00980081,15.550234,0.27890477
Australia,AUS,2000,34.93417,45.329063,0.010590932,0,3.730389,0.030356925,15.747886,0.21754031
Australia,AUS,2001,34.74916,44.526226,0.012093881,0,3.601031,0.06409874,16.85386,0.19353896
Australia,AUS,2002,34.430893,44.63382,0.0126825925,0,3.5013092,0.11606854,17.003838,0.3013899
Australia,AUS,2003,33.821194,45.266983,0.013468502,0,3.4546185,0.15003961,16.89685,0.39684168
Australia,AUS,2004,33.557457,45.70642,0.014967942,0,3.218602,0.16311887,16.699562,0.6398717
Australia,AUS,2005,33.942055,45.252754,0.017064555,0,3.1399786,0.26374424,16.491634,0.8761512
Australia,AUS,2006,33.561943,44.566353,0.018861832,0,2.8911996,0.41826832,17.638287,0.8534667
Australia,AUS,2007,33.61316,43.14279,0.021355,0,2.4497604,0.5354425,19.26733,0.9060373
Australia,AUS,2008,33.472652,44.216965,0.02553688,0,2.1675441,0.6344686,18.629047,0.7702623
Australia,AUS,2009,33.396877,43.381382,0.053695828,0,2.3388252,0.8209998,19.301474,0.5893021
Australia,AUS,2010,34.41765,40.255753,0.17984296,0,2.5286407,0.917014,21.013796,0.5165339
Australia,AUS,2011,35.09942,37.98674,0.36187533,0,3.4641542,1.1384345,21.225405,0.52715826
Australia,AUS,2012,36.54803,36.095543,0.43053785,0,3.040897,1.3788992,21.668228,0.6437475
Australia,AUS,2013,37.158794,33.82917,0.67407215,0,3.3444307,1.6221951,22.499868,0.68366635
Australia,AUS,2014,36.734352,33.316456,0.85641944,0,2.504923,1.6908752,23.982605,0.722674
Australia,AUS,2015,35.626606,33.74297,1.041763,0,2.3686235,1.9896915,24.34823,0.73309296
Australia,AUS,2016,35.58221,33.611748,1.239543,0,2.9372425,2.1725485,23.620525,0.7206735
Australia,AUS,2017,37.42765,32.555286,1.4814389,0,2.2426555,2.194657,23.274096,0.70971763
Australia,AUS,2018,37.53456,31.30687,2.0073361,0,2.8177204,2.646916,22.880087,0.70466626
Australia,AUS,2019,35.958485,28.947475,2.8704174,0,2.1995687,3.0547035,26.220438,0.6588099
Australia,AUS,2020,32.90036,29.490868,3.9454625,0,2.386362,3.7409682,26.774227,0.6859614
Australia,AUS,2021,33.636826,28.409132,5.1252446,0,2.6194305,4.40265,25.058893,0.6702841
Australia,AUS,2022,34.55601,25.93105,6.095857,0,2.687364,4.967651,25.058216,0.6237201
Austria,AUT,1965,34.458084,31.19548,,0,25.096405,,9.250029,
Austria,AUT,1966,36.19757,28.472242,,0,25.840193,,9.489992,
Austria,AUT,1967,38.20462,26.676964,,0,26.118929,,8.999486,
Austria,AUT,1968,41.29267,24.632793,,0,25.099167,,8.9753685,
Austria,AUT,1969,43.809998,23.402523,,0,22.27537,,10.512111,
Austria,AUT,1970,42.118423,21.976917,,0,24.770256,,11.134404,
Austria,AUT,1971,47.25979,20.243706,,0,19.6523,,12.844205,
Austria,AUT,1972,49.31634,17.742292,,0,19.524149,,13.417226,
Austria,AUT,1973,49.70614,16.40073,,0,20.17739,,13.715739,
Austria,AUT,1974,44.25598,17.218832,,0,23.734526,,14.790659,
Austria,AUT,1975,45.028694,15.064406,,0,25.034246,,14.872655,
Austria,AUT,1976,47.237644,15.490193,,0,20.905321,,16.36684,
Austria,AUT,1977,45.126053,12.96316,,0,25.271303,,16.639479,
Austria,AUT,1978,46.539917,12.624428,,0,24.244625,,16.591034,
Austria,AUT,1979,45.748264,12.937271,,0,25.784454,,15.530012,
Austria,AUT,1980,44.84238,13.349398,,0,26.826015,,14.982205,
Austria,AUT,1981,41.933372,14.076138,,0,29.280653,,14.709836,
Austria,AUT,1982,41.119118,13.840877,,0,30.31977,,14.720239,
Austria,AUT,1983,39.960636,14.860747,,0,30.117786,,15.060827,
Austria,AUT,1984,39.264126,17.106472,,0,26.68983,,16.939564,
Austria,AUT,1985,37.043648,16.090593,,0,28.815756,,17.096468,0.9535273
Austria,AUT,1986,38.93958,14.3165455,,0,28.87882,,16.566225,1.2988358
Austria,AUT,1987,37.979977,13.454157,,0,31.328129,,16.372057,0.86568415
Austria,AUT,1988,38.27582,13.074711,,0,31.717916,,15.916117,1.0154318
Austria,AUT,1989,37.532402,13.060638,,0,31.34343,,16.998297,1.0652311
Austria,AUT,1990,38.39862,14.213874,0,0,27.798573,0,18.478794,1.0881264
Austria,AUT,1991,39.516197,14.21615,0,0,26.450718,0,18.680426,1.113217
Austria,AUT,1992,39.08621,11.238443,0,0,29.784689,0,18.63805,1.226393
Austria,AUT,1993,38.72585,9.928024,0.00083975855,0,30.823692,0,19.258062,1.2339209
Austria,AUT,1994,38.64223,10.130727,0.00084493094,0,30.170261,0,19.930738,1.1041932
Austria,AUT,1995,36.74401,10.990535,0.0008056545,0,29.863268,0.0008056545,20.74953,1.6152946
Austria,AUT,1996,37.968628,11.022985,0.0008046171,0,27.530771,0.0040230704,22.057142,1.380619
Austria,AUT,1997,37.76791,11.449942,0.0015759326,0,28.449774,0.015759327,20.818642,1.455787
Austria,AUT,1998,38.60047,9.921567,0.0015510748,0,28.821587,0.034899205,21.036201,1.5428259
Austria,AUT,1999,37.085445,9.661608,0.0015162138,0,30.854315,0.038663477,21.004461,1.3069313
Austria,AUT,2000,36.21453,10.850378,0.0022663814,0,31.605165,0.050615847,19.980076,1.2463936
Austria,AUT,2001,37.912674,10.824505,0.0036236143,0,29.319004,0.124652274,20.446144,1.3133762
Austria,AUT,2002,38.624905,10.980038,0.0064702095,0,28.919693,0.14593922,20.069944,1.1951504
Austria,AUT,2003,41.422268,11.589825,0.010603667,0,23.480003,0.25872895,21.847385,1.3317548
Austria,AUT,2004,39.564503,11.146114,0.012412874,0,25.351429,0.63719434,21.6556,1.5732691
Austria,AUT,2005,38.69383,10.983564,0.014145713,0,24.965694,0.8959731,22.39396,1.8305917
Austria,AUT,2006,39.0751,11.086426,0.015130258,0,24.098305,1.1846322,21.266064,2.467517
Austria,AUT,2007,37.539062,10.933445,0.0166355,0,25.431547,1.3981792,20.560823,3.1603153
Austria,AUT,2008,36.477818,10.600951,0.020151602,0,25.644213,1.3456249,21.591314,3.1752117
Austria,AUT,2009,35.750633,8.224454,0.033576332,0,28.072512,1.3413149,21.708303,3.369577
Austria,AUT,2010,36.157433,9.364047,0.058670457,0,25.3431,1.3634335,22.87912,3.418864
Austria,AUT,2011,36.45788,10.203047,0.121241294,0,23.8465,1.348606,22.828882,3.6849315
Austria,AUT,2012,34.224747,9.075707,0.22323346,0,29.003752,1.6285479,20.804916,3.6125998
Austria,AUT,2013,35.50911,9.273148,0.41488978,0,27.848297,2.089933,19.942595,3.65658
Austria,AUT,2014,35.46131,8.870708,0.5388345,0,28.139103,2.63896,19.024857,3.6882277
Austria,AUT,2015,35.192795,9.623801,0.6391324,0,25.342236,3.3012767,20.180338,3.769593
Austria,AUT,2016,35.16536,8.68852,0.7191653,0,26.227722,3.434908,20.447369,3.7521784
Austria,AUT,2017,34.958225,8.764188,0.8094599,0,24.42708,4.19188,21.739609,3.7747676
Austria,AUT,2018,36.290092,7.906915,0.9428753,0,24.388065,3.9075098,21.275146,3.8646832
Austria,AUT,2019,35.79816,7.9120016,1.0457762,0,25.083723,4.5773726,20.745607,3.4734182
Austria,AUT,2020,33.316273,7.2380238,1.3376489,0,27.498987,4.44688,21.259556,3.6618426
Austria,AUT,2021,34.168606,7.4160547,1.8038571,0,25.121042,4.3693175,22.331207,3.5520966
Austria,AUT,2022,35.24154,7.414132,2.1989603,0,24.279097,4.9501734,20.736406,3.9283485
Azerbaijan,AZE,1985,41.364265,0.45539805,,0,1.6519357,,56.5284,
Azerbaijan,AZE,1986,40.27038,0.42318603,,0,0.9406936,,58.365738,
Azerbaijan,AZE,1987,39.109386,0.43667778,,0,0.9706842,,59.48325,
Azerbaijan,AZE,1988,40.025093,0.4363545,,0,0.842058,,58.696495,
Azerbaijan,AZE,1989,38.272552,0.42789528,,0,0.8257339,,60.473816,
Azerbaijan,AZE,1990,38.531704,0.39726162,0,0,1.8816601,0,59.18938,0
Azerbaijan,AZE,1991,38.666126,0.3112467,0,0,2.0779731,0,58.944656,0
Azerbaijan,AZE,1992,43.993557,0.065095164,0,0,2.4099329,0,53.531414,0
Azerbaijan,AZE,1993,50.5728,0.018760059,0,0,3.8572147,0,45.55122,0
Azerbaijan,AZE,1994,50.425297,0.027226223,0,0,3.1670034,0,46.380478,0
Azerbaijan,AZE,1995,48.352425,0.021718292,0,0,2.8640726,0,48.761784,0
Azerbaijan,AZE,1996,52.961624,0.026483843,0,0,3.449877,0,43.56201,0
Azerbaijan,AZE,1997,52.635944,0.027656535,0,0,4.0128255,0,43.32358,0
Azerbaijan,AZE,1998,55.172646,0,0,0,4.5553145,0,40.272038,0
